100
100
1 1 87
6 21 68
6 32 38
4 43 48
7 8 6
28 30 37
26 78 70
62 85 31
6 17 47
21 25 28
8 49 88
23 29 98
45 50 83
1 3 15
2 51 60
1 1 66
56 78 56
15 21 60
62 96 100
17 25 30
7 9 50
46 89 58
66 96 34
1 1 99
59 78 20
14 15 79
52 59 69
3 29 63
26 29 17
16 28 97
3 18 27
11 18 50
5 29 61
56 74 9
1 8 11
65 80 39
28 62 75
18 50 82
12 82 10
1 7 20
16 68 58
10 26 84
11 32 66
64 70 32
15 48 77
42 75 73
23 42 60
60 89 12
20 48 12
4 6 68
9 9 84
64 69 28
53 71 50
11 67 24
35 95 13
31 99 6
10 11 56
8 70 67
1 2 91
18 54 45
32 91 36
4 49 86
14 77 93
7 50 90
9 41 81
7 59 63
51 93 33
11 45 19
70 70 63
38 70 10
12 75 24
64 89 44
16 99 4
1 19 38
15 40 9
24 46 47
56 68 57
10 26 59
54 88 26
40 70 88
14 37 63
37 79 21
59 70 76
17 91 78
8 27 71
45 46 19
1 2 90
29 33 77
27 97 40
2 84 25
4 6 43
1 1 71
13 32 55
5 27 30
6 8 34
52 79 57
2 90 26
61 89 4
3 16 42
7 42 1
1
