100
100
44 85 32
52 79 40
25 39 48
1 1 37
2 51 74
72 94 20
4 7 71
38 47 98
37 72 84
15 97 49
24 87 45
11 52 62
20 44 94
13 19 73
2 12 62
2 67 54
2 5 75
26 36 4
73 84 40
28 57 75
48 94 72
13 21 61
4 35 98
76 83 48
20 46 63
75 94 24
7 18 25
36 39 51
11 47 65
12 88 12
10 33 74
3 40 24
29 41 27
3 7 37
18 27 52
16 81 51
27 36 10
39 41 99
43 95 96
6 11 62
79 82 29
31 64 18
42 84 42
76 99 2
82 90 4
12 25 30
59 89 34
21 72 46
12 19 60
7 22 79
6 62 31
8 68 90
31 79 60
3 4 92
1 1 6
10 28 22
9 85 65
18 38 19
20 81 47
8 8 52
31 87 52
25 66 61
16 40 100
3 6 76
14 61 46
54 98 35
32 36 20
5 21 77
13 17 31
28 38 50
25 36 18
59 93 12
67 78 54
8 52 76
4 7 18
83 90 16
28 28 36
94 95 35
2 15 61
1 39 37
9 35 57
67 67 66
32 52 22
23 29 89
55 98 73
66 88 17
36 54 34
9 12 54
2 64 87
44 72 77
46 74 22
59 96 12
20 29 82
25 72 56
4 20 94
2 7 57
8 14 78
1 15 63
13 80 54
32 52 20
100
