1 2 3
3 0 2, 3 0 1, 
fasle!!!
3 0 1, 3 0 2, 
3 0 3, 3 0 1, 
fasle!!!
3 0 1, 3 0 3, 
3 0 3, 3 0 2, 
fasle!!!
3 0 2, 3 0 3, 
3 0 0, 3 0 2, 
3 0 0, 3 0 1, 
3 0 1, 3 0 2, 
3 0 1, 3 0 1, 
fasle!!!
3 0 1, 3 0 1, 
fasle!!!
3 1 1, 3 0 2, 
3 1 1, 3 0 1, 
fasle!!!
3 0 1, 3 1 1, 
3 1 2, 3 0 2, 
fasle!!!
3 0 2, 3 1 2, 
3 1 2, 3 0 3, 
3 1 3, 3 0 2, 
fasle!!!
3 0 2, 3 1 3, 
3 1 3, 3 0 3, 
fasle!!!
3 0 3, 3 1 3, 
3 1 0, 3 0 2, 
3 1 0, 3 0 1, 
3 1 0, 3 0 0, 
fasle!!!
3 0 0, 3 1 0, 
3 1 1, 3 0 2, 
3 1 1, 3 0 1, 
fasle!!!
3 0 1, 3 1 1, 
3 1 1, 3 1 1, 
fasle!!!
3 1 1, 3 1 1, 
fasle!!!
3 2 1, 3 0 2, 
3 2 1, 3 0 1, 
fasle!!!
3 0 1, 3 2 1, 
3 2 1, 3 1 1, 
fasle!!!
3 1 1, 3 2 1, 
3 2 2, 3 0 2, 
fasle!!!
3 0 2, 3 2 2, 
3 2 2, 3 0 3, 
3 2 2, 3 1 2, 
fasle!!!
3 1 2, 3 2 2, 
3 2 3, 3 0 2, 
fasle!!!
3 0 2, 3 2 3, 
3 2 3, 3 0 3, 
fasle!!!
3 0 3, 3 2 3, 
3 2 3, 3 1 3, 
fasle!!!
3 1 3, 3 2 3, 
3 2 0, 3 0 2, 
3 2 0, 3 0 1, 
3 2 0, 3 0 0, 
fasle!!!
3 0 0, 3 2 0, 
3 2 0, 3 1 0, 
fasle!!!
3 1 0, 3 2 0, 
3 2 1, 3 0 2, 
3 2 1, 3 0 1, 
fasle!!!
3 0 1, 3 2 1, 
3 2 1, 3 1 1, 
fasle!!!
3 1 1, 3 2 1, 
3 2 1, 3 2 1, 
fasle!!!
3 2 1, 3 2 1, 
fasle!!!
3 3 1, 3 0 2, 
3 3 1, 3 0 1, 
fasle!!!
3 0 1, 3 3 1, 
3 3 1, 3 1 1, 
fasle!!!
3 1 1, 3 3 1, 
3 3 1, 3 2 1, 
fasle!!!
3 2 1, 3 3 1, 
3 3 2, 3 0 2, 
fasle!!!
3 0 2, 3 3 2, 
3 3 2, 3 0 3, 
3 3 2, 3 1 2, 
fasle!!!
3 1 2, 3 3 2, 
3 3 2, 3 2 2, 
fasle!!!
3 2 2, 3 3 2, 
3 3 3, 3 0 2, 
fasle!!!
3 0 2, 3 3 3, 
3 3 3, 3 0 3, 
fasle!!!
3 0 3, 3 3 3, 
3 3 3, 3 1 3, 
fasle!!!
3 1 3, 3 3 3, 
3 3 3, 3 2 3, 
fasle!!!
3 2 3, 3 3 3, 
3 3 0, 3 0 2, 
3 3 0, 3 0 1, 
3 3 0, 3 1 0, 
fasle!!!
3 1 0, 3 3 0, 
3 3 0, 3 2 0, 
fasle!!!
3 2 0, 3 3 0, 
3 3 1, 3 0 2, 
3 3 1, 3 0 1, 
fasle!!!
3 0 1, 3 3 1, 
3 3 1, 3 2 1, 
fasle!!!
3 2 1, 3 3 1, 
3 3 1, 3 3 1, 
fasle!!!
3 3 1, 3 3 1, 
fasle!!!
3 0 1, 3 0 2, 
3 0 1, 3 0 1, 
fasle!!!
3 0 1, 3 0 1, 
fasle!!!
3 0 2, 3 0 2, 
fasle!!!
3 0 2, 3 0 2, 
fasle!!!
3 0 3, 3 0 2, 
fasle!!!
3 0 2, 3 0 3, 
3 0 3, 3 0 3, 
fasle!!!
3 0 3, 3 0 3, 
fasle!!!
3 0 0, 3 0 2, 
3 0 0, 3 0 1, 
3 0 0, 3 1 0, 
3 0 0, 3 0 0, 
fasle!!!
3 0 0, 3 0 0, 
fasle!!!
3 0 1, 3 0 2, 
3 0 1, 3 0 1, 
fasle!!!
3 0 1, 3 0 1, 
fasle!!!
0 0 1, 3 0 2, 
0 0 1, 3 0 1, 
0 0 1, 3 1 0, 
0 0 1, 3 0 0, 
0 0 2, 3 0 2, 
0 0 2, 3 0 1, 
0 0 2, 3 1 0, 
0 0 2, 3 0 0, 
0 0 2, 0 0 1, 
fasle!!!
0 0 1, 0 0 2, 
0 0 3, 3 0 2, 
0 0 3, 3 0 1, 
0 0 3, 3 1 0, 
0 0 3, 0 0 2, 
fasle!!!
0 0 2, 0 0 3, 
0 0 3, 3 0 0, 
0 0 0, 3 0 2, 
0 0 0, 3 1 0, 
0 0 0, 0 0 2, 
0 0 0, 0 0 1, 
0 0 1, 3 0 2, 
0 0 1, 3 1 0, 
0 0 1, 0 0 2, 
0 0 1, 0 0 1, 
fasle!!!
0 0 1, 0 0 1, 
fasle!!!
0 1 1, 3 0 2, 
0 1 1, 3 1 0, 
0 1 1, 0 0 2, 
0 1 1, 0 0 1, 
fasle!!!
0 0 1, 0 1 1, 
0 1 2, 3 0 2, 
0 1 2, 3 1 0, 
0 1 2, 0 0 2, 
fasle!!!
0 0 2, 0 1 2, 
0 1 2, 3 0 0, 
0 1 2, 0 0 3, 
0 1 3, 3 0 2, 
0 1 3, 3 1 0, 
0 1 3, 0 0 2, 
fasle!!!
0 0 2, 0 1 3, 
0 1 3, 0 0 3, 
fasle!!!
0 0 3, 0 1 3, 
0 1 3, 3 0 0, 
0 1 0, 3 0 2, 
0 1 0, 3 1 0, 
0 1 0, 0 0 2, 
0 1 0, 0 0 1, 
0 1 0, 0 0 0, 
fasle!!!
0 0 0, 0 1 0, 
0 1 1, 3 0 2, 
0 1 1, 3 1 0, 
0 1 1, 0 0 2, 
0 1 1, 0 0 1, 
fasle!!!
0 0 1, 0 1 1, 
0 1 1, 0 1 1, 
fasle!!!
0 1 1, 0 1 1, 
fasle!!!
0 2 1, 3 0 2, 
0 2 1, 3 1 0, 
0 2 1, 0 0 2, 
0 2 1, 0 0 1, 
fasle!!!
0 0 1, 0 2 1, 
0 2 1, 0 1 1, 
fasle!!!
0 1 1, 0 2 1, 
0 2 2, 3 0 2, 
0 2 2, 3 1 0, 
0 2 2, 0 0 2, 
fasle!!!
0 0 2, 0 2 2, 
0 2 2, 0 0 3, 
0 2 2, 0 1 2, 
fasle!!!
0 1 2, 0 2 2, 
0 2 3, 3 0 2, 
0 2 3, 3 1 0, 
0 2 3, 0 0 2, 
fasle!!!
0 0 2, 0 2 3, 
0 2 3, 0 0 3, 
fasle!!!
0 0 3, 0 2 3, 
0 2 3, 3 0 0, 
0 2 3, 0 1 3, 
fasle!!!
0 1 3, 0 2 3, 
0 2 0, 3 0 2, 
0 2 0, 3 1 0, 
0 2 0, 0 0 2, 
0 2 0, 0 0 1, 
0 2 0, 0 0 0, 
fasle!!!
0 0 0, 0 2 0, 
0 2 0, 0 1 0, 
fasle!!!
0 1 0, 0 2 0, 
0 2 1, 3 0 2, 
0 2 1, 3 1 0, 
0 2 1, 0 0 2, 
0 2 1, 0 0 1, 
fasle!!!
0 0 1, 0 2 1, 
0 2 1, 0 1 1, 
fasle!!!
0 1 1, 0 2 1, 
0 2 1, 0 2 1, 
fasle!!!
0 2 1, 0 2 1, 
fasle!!!
0 3 1, 3 0 2, 
0 3 1, 3 1 0, 
0 3 1, 0 0 2, 
0 3 1, 0 0 1, 
fasle!!!
0 0 1, 0 3 1, 
0 3 1, 0 1 1, 
fasle!!!
0 1 1, 0 3 1, 
0 3 1, 0 2 1, 
fasle!!!
0 2 1, 0 3 1, 
0 3 2, 3 0 2, 
0 3 2, 3 1 0, 
0 3 2, 0 0 2, 
fasle!!!
0 0 2, 0 3 2, 
0 3 2, 0 0 3, 
0 3 2, 0 1 2, 
fasle!!!
0 1 2, 0 3 2, 
0 3 2, 0 2 2, 
fasle!!!
0 2 2, 0 3 2, 
0 3 3, 3 0 2, 
0 3 3, 3 1 0, 
0 3 3, 0 0 2, 
fasle!!!
0 0 2, 0 3 3, 
0 3 3, 0 0 3, 
fasle!!!
0 0 3, 0 3 3, 
0 3 3, 0 2 3, 
fasle!!!
0 2 3, 0 3 3, 
0 3 3, 3 0 0, 
0 3 0, 3 1 0, 
0 3 0, 0 0 2, 
0 3 0, 0 0 1, 
0 3 0, 0 1 0, 
fasle!!!
0 1 0, 0 3 0, 
0 3 0, 0 2 0, 
fasle!!!
0 2 0, 0 3 0, 
0 3 1, 3 1 0, 
0 3 1, 0 0 2, 
0 3 1, 0 0 1, 
fasle!!!
0 0 1, 0 3 1, 
0 3 1, 0 2 1, 
fasle!!!
0 2 1, 0 3 1, 
0 3 1, 0 3 1, 
fasle!!!
0 3 1, 0 3 1, 
fasle!!!
0 0 1, 3 1 0, 
0 0 1, 0 0 2, 
0 0 1, 0 0 1, 
fasle!!!
0 0 1, 0 0 1, 
fasle!!!
0 0 2, 3 1 0, 
0 0 2, 0 0 2, 
fasle!!!
0 0 2, 0 0 2, 
fasle!!!
0 0 3, 3 1 0, 
0 0 3, 0 0 2, 
fasle!!!
0 0 2, 0 0 3, 
0 0 3, 0 0 3, 
fasle!!!
0 0 3, 0 0 3, 
fasle!!!
0 0 0, 3 1 0, 
0 0 0, 0 0 2, 
0 0 0, 0 0 1, 
0 0 0, 0 1 0, 
0 0 0, 0 0 0, 
fasle!!!
0 0 0, 0 0 0, 
fasle!!!
0 0 1, 3 1 0, 
0 0 1, 0 0 2, 
0 0 1, 0 0 1, 
fasle!!!
0 0 1, 0 0 1, 
fasle!!!
1 0 1, 3 1 0, 
1 0 1, 0 0 2, 
1 0 1, 0 0 1, 
fasle!!!
0 0 1, 1 0 1, 
1 0 1, 0 2 1, 
1 0 1, 0 1 1, 
1 0 2, 3 1 0, 
1 0 2, 0 0 2, 
fasle!!!
0 0 2, 1 0 2, 
1 0 2, 0 0 3, 
1 0 2, 0 2 2, 
1 0 2, 0 1 2, 
1 0 3, 3 1 0, 
1 0 3, 0 0 2, 
fasle!!!
0 0 2, 1 0 3, 
1 0 3, 0 0 3, 
fasle!!!
0 0 3, 1 0 3, 
1 0 3, 0 2 3, 
1 0 3, 0 1 3, 
1 0 0, 3 1 0, 
1 0 0, 0 0 2, 
1 0 0, 0 0 1, 
1 0 0, 0 1 0, 
1 0 0, 0 0 0, 
fasle!!!
0 0 0, 1 0 0, 
1 0 1, 3 1 0, 
1 0 1, 0 0 2, 
1 0 1, 0 0 1, 
fasle!!!
0 0 1, 1 0 1, 
1 0 1, 0 2 1, 
1 0 1, 0 1 1, 
1 0 1, 1 0 1, 
fasle!!!
1 0 1, 1 0 1, 
fasle!!!
1 1 1, 3 1 0, 
1 1 1, 0 0 2, 
1 1 1, 0 0 1, 
fasle!!!
0 0 1, 1 1 1, 
1 1 1, 0 2 1, 
1 1 1, 0 1 1, 
fasle!!!
0 1 1, 1 1 1, 
1 1 2, 3 1 0, 
1 1 2, 0 0 2, 
fasle!!!
0 0 2, 1 1 2, 
1 1 2, 0 0 3, 
1 1 2, 0 2 2, 
1 1 2, 0 1 2, 
fasle!!!
0 1 2, 1 1 2, 
1 1 3, 3 1 0, 
1 1 3, 0 0 2, 
fasle!!!
0 0 2, 1 1 3, 
1 1 3, 0 0 3, 
fasle!!!
0 0 3, 1 1 3, 
1 1 3, 0 2 3, 
1 1 3, 0 1 3, 
fasle!!!
0 1 3, 1 1 3, 
1 1 0, 3 1 0, 
1 1 0, 0 0 2, 
1 1 0, 0 0 1, 
1 1 0, 0 1 0, 
fasle!!!
0 1 0, 1 1 0, 
1 1 0, 0 2 0, 
1 1 1, 3 1 0, 
1 1 1, 0 0 2, 
1 1 1, 0 0 1, 
fasle!!!
0 0 1, 1 1 1, 
1 1 1, 0 2 1, 
1 1 1, 0 1 1, 
fasle!!!
0 1 1, 1 1 1, 
1 1 1, 1 1 1, 
fasle!!!
1 1 1, 1 1 1, 
fasle!!!
1 2 1, 3 1 0, 
1 2 1, 0 0 2, 
1 2 1, 0 0 1, 
fasle!!!
0 0 1, 1 2 1, 
1 2 1, 0 2 1, 
fasle!!!
0 2 1, 1 2 1, 
1 2 1, 0 3 1, 
1 2 2, 3 1 0, 
1 2 2, 0 0 2, 
fasle!!!
0 0 2, 1 2 2, 
1 2 2, 0 0 3, 
1 2 2, 0 2 2, 
fasle!!!
0 2 2, 1 2 2, 
1 2 2, 0 3 2, 
1 2 3, 3 1 0, 
1 2 3, 0 0 2, 
fasle!!!
0 0 2, 1 2 3, 
1 2 3, 0 0 3, 
fasle!!!
0 0 3, 1 2 3, 
1 2 3, 0 2 3, 
fasle!!!
0 2 3, 1 2 3, 
1 2 3, 3 0 0, 
1 2 3, 0 3 3, 
1 2 0, 3 1 0, 
1 2 0, 0 0 2, 
1 2 0, 0 0 1, 
1 2 0, 0 1 0, 
fasle!!!
0 1 0, 1 2 0, 
1 2 0, 0 2 0, 
fasle!!!
0 2 0, 1 2 0, 
1 2 0, 0 3 0, 
1 2 1, 3 1 0, 
1 2 1, 0 0 2, 
1 2 1, 0 0 1, 
fasle!!!
0 0 1, 1 2 1, 
1 2 1, 0 2 1, 
fasle!!!
0 2 1, 1 2 1, 
1 2 1, 0 3 1, 
1 2 1, 1 2 1, 
fasle!!!
1 2 1, 1 2 1, 
fasle!!!
1 3 1, 3 1 0, 
1 3 1, 0 0 2, 
1 3 1, 0 0 1, 
fasle!!!
0 0 1, 1 3 1, 
1 3 1, 0 2 1, 
fasle!!!
0 2 1, 1 3 1, 
1 3 1, 0 3 1, 
fasle!!!
0 3 1, 1 3 1, 
1 3 2, 3 1 0, 
1 3 2, 0 0 2, 
fasle!!!
0 0 2, 1 3 2, 
1 3 2, 0 0 3, 
1 3 2, 0 2 2, 
fasle!!!
0 2 2, 1 3 2, 
1 3 2, 0 3 2, 
fasle!!!
0 3 2, 1 3 2, 
1 3 3, 3 1 0, 
1 3 3, 0 0 2, 
fasle!!!
0 0 2, 1 3 3, 
1 3 3, 0 0 3, 
fasle!!!
0 0 3, 1 3 3, 
1 3 3, 0 2 3, 
fasle!!!
0 2 3, 1 3 3, 
1 3 3, 0 3 3, 
fasle!!!
0 3 3, 1 3 3, 
1 3 3, 3 0 0, 
1 3 0, 3 1 0, 
1 3 0, 0 0 2, 
1 3 0, 0 0 1, 
1 3 0, 0 1 0, 
fasle!!!
0 1 0, 1 3 0, 
1 3 0, 0 2 0, 
fasle!!!
0 2 0, 1 3 0, 
1 3 0, 0 3 0, 
fasle!!!
0 3 0, 1 3 0, 
1 3 1, 3 1 0, 
1 3 1, 0 0 2, 
1 3 1, 0 0 1, 
fasle!!!
0 0 1, 1 3 1, 
1 3 1, 0 2 1, 
fasle!!!
0 2 1, 1 3 1, 
1 3 1, 0 3 1, 
fasle!!!
0 3 1, 1 3 1, 
1 3 1, 1 3 1, 
fasle!!!
1 3 1, 1 3 1, 
fasle!!!
1 0 1, 3 1 0, 
1 0 1, 0 0 2, 
1 0 1, 0 0 1, 
fasle!!!
0 0 1, 1 0 1, 
1 0 1, 0 2 1, 
1 0 1, 0 1 1, 
1 0 1, 1 0 1, 
fasle!!!
1 0 1, 1 0 1, 
fasle!!!
1 0 2, 3 1 0, 
1 0 2, 0 0 2, 
fasle!!!
0 0 2, 1 0 2, 
1 0 2, 0 0 3, 
1 0 2, 0 2 2, 
1 0 2, 0 1 2, 
1 0 2, 1 0 2, 
fasle!!!
1 0 2, 1 0 2, 
fasle!!!
1 0 3, 3 1 0, 
1 0 3, 0 0 2, 
fasle!!!
0 0 2, 1 0 3, 
1 0 3, 0 0 3, 
fasle!!!
0 0 3, 1 0 3, 
1 0 3, 0 2 3, 
1 0 3, 0 1 3, 
1 0 3, 1 0 3, 
fasle!!!
1 0 3, 1 0 3, 
fasle!!!
1 0 0, 3 1 0, 
1 0 0, 0 0 2, 
1 0 0, 0 0 1, 
1 0 0, 0 1 0, 
1 0 0, 0 0 0, 
fasle!!!
0 0 0, 1 0 0, 
1 0 0, 1 0 0, 
fasle!!!
1 0 0, 1 0 0, 
fasle!!!
1 0 1, 3 1 0, 
1 0 1, 0 0 2, 
1 0 1, 0 0 1, 
fasle!!!
0 0 1, 1 0 1, 
1 0 1, 0 2 1, 
1 0 1, 0 1 1, 
1 0 1, 1 0 1, 
fasle!!!
1 0 1, 1 0 1, 
fasle!!!
2 0 1, 3 1 0, 
2 0 1, 0 0 2, 
2 0 1, 0 0 1, 
fasle!!!
0 0 1, 2 0 1, 
2 0 1, 0 2 1, 
2 0 1, 0 1 1, 
2 0 1, 1 0 1, 
fasle!!!
1 0 1, 2 0 1, 
2 0 2, 3 1 0, 
2 0 2, 0 0 2, 
fasle!!!
0 0 2, 2 0 2, 
2 0 2, 0 0 3, 
2 0 2, 0 2 2, 
2 0 2, 0 1 2, 
2 0 2, 1 0 2, 
fasle!!!
1 0 2, 2 0 2, 
2 0 3, 3 1 0, 
2 0 3, 0 0 2, 
fasle!!!
0 0 2, 2 0 3, 
2 0 3, 0 0 3, 
fasle!!!
0 0 3, 2 0 3, 
2 0 3, 0 2 3, 
2 0 3, 0 1 3, 
2 0 3, 1 0 3, 
fasle!!!
1 0 3, 2 0 3, 
2 0 0, 3 1 0, 
2 0 0, 0 0 2, 
2 0 0, 0 0 1, 
2 0 0, 0 1 0, 
2 0 0, 0 0 0, 
fasle!!!
0 0 0, 2 0 0, 
2 0 0, 1 0 0, 
fasle!!!
1 0 0, 2 0 0, 
2 0 1, 3 1 0, 
2 0 1, 0 0 2, 
2 0 1, 0 0 1, 
fasle!!!
0 0 1, 2 0 1, 
2 0 1, 0 2 1, 
2 0 1, 0 1 1, 
2 0 1, 1 0 1, 
fasle!!!
1 0 1, 2 0 1, 
2 0 1, 2 0 1, 
fasle!!!
2 0 1, 2 0 1, 
fasle!!!
2 1 1, 3 1 0, 
2 1 1, 0 0 2, 
2 1 1, 0 0 1, 
fasle!!!
0 0 1, 2 1 1, 
2 1 1, 0 2 1, 
2 1 1, 0 1 1, 
fasle!!!
0 1 1, 2 1 1, 
2 1 1, 1 1 1, 
fasle!!!
1 1 1, 2 1 1, 
2 1 2, 3 1 0, 
2 1 2, 0 0 2, 
fasle!!!
0 0 2, 2 1 2, 
2 1 2, 0 0 3, 
2 1 2, 0 2 2, 
2 1 2, 0 1 2, 
fasle!!!
0 1 2, 2 1 2, 
2 1 2, 1 1 2, 
fasle!!!
1 1 2, 2 1 2, 
2 1 3, 3 1 0, 
2 1 3, 0 0 2, 
fasle!!!
0 0 2, 2 1 3, 
2 1 3, 0 0 3, 
fasle!!!
0 0 3, 2 1 3, 
2 1 3, 0 2 3, 
2 1 3, 0 1 3, 
fasle!!!
0 1 3, 2 1 3, 
2 1 3, 1 1 3, 
fasle!!!
1 1 3, 2 1 3, 
2 1 0, 3 1 0, 
2 1 0, 0 0 2, 
2 1 0, 0 0 1, 
2 1 0, 0 1 0, 
fasle!!!
0 1 0, 2 1 0, 
2 1 0, 0 2 0, 
2 1 0, 1 1 0, 
fasle!!!
1 1 0, 2 1 0, 
2 1 1, 3 1 0, 
2 1 1, 0 0 2, 
2 1 1, 0 0 1, 
fasle!!!
0 0 1, 2 1 1, 
2 1 1, 0 2 1, 
2 1 1, 0 1 1, 
fasle!!!
0 1 1, 2 1 1, 
2 1 1, 1 1 1, 
fasle!!!
1 1 1, 2 1 1, 
2 1 1, 2 1 1, 
fasle!!!
2 1 1, 2 1 1, 
fasle!!!
2 2 1, 3 1 0, 
2 2 1, 0 0 2, 
2 2 1, 0 0 1, 
fasle!!!
0 0 1, 2 2 1, 
2 2 1, 0 2 1, 
fasle!!!
0 2 1, 2 2 1, 
2 2 1, 0 3 1, 
2 2 1, 1 2 1, 
fasle!!!
1 2 1, 2 2 1, 
2 2 2, 3 1 0, 
2 2 2, 0 0 2, 
fasle!!!
0 0 2, 2 2 2, 
2 2 2, 0 0 3, 
2 2 2, 0 2 2, 
fasle!!!
0 2 2, 2 2 2, 
2 2 2, 0 3 2, 
2 2 2, 1 2 2, 
fasle!!!
1 2 2, 2 2 2, 
2 2 3, 3 1 0, 
2 2 3, 0 0 2, 
fasle!!!
0 0 2, 2 2 3, 
2 2 3, 0 0 3, 
fasle!!!
0 0 3, 2 2 3, 
2 2 3, 0 2 3, 
fasle!!!
0 2 3, 2 2 3, 
2 2 3, 0 3 3, 
2 2 3, 1 2 3, 
fasle!!!
1 2 3, 2 2 3, 
2 2 0, 3 1 0, 
2 2 0, 0 0 2, 
2 2 0, 0 0 1, 
2 2 0, 0 1 0, 
fasle!!!
0 1 0, 2 2 0, 
2 2 0, 0 2 0, 
fasle!!!
0 2 0, 2 2 0, 
2 2 0, 0 3 0, 
2 2 0, 1 2 0, 
fasle!!!
1 2 0, 2 2 0, 
2 2 1, 3 1 0, 
2 2 1, 0 0 2, 
2 2 1, 0 0 1, 
fasle!!!
0 0 1, 2 2 1, 
2 2 1, 0 2 1, 
fasle!!!
0 2 1, 2 2 1, 
2 2 1, 0 3 1, 
2 2 1, 1 2 1, 
fasle!!!
1 2 1, 2 2 1, 
2 2 1, 2 2 1, 
fasle!!!
2 2 1, 2 2 1, 
fasle!!!
2 3 1, 3 1 0, 
2 3 1, 0 0 2, 
2 3 1, 0 0 1, 
fasle!!!
0 0 1, 2 3 1, 
2 3 1, 0 2 1, 
fasle!!!
0 2 1, 2 3 1, 
2 3 1, 0 3 1, 
fasle!!!
0 3 1, 2 3 1, 
2 3 1, 1 3 1, 
fasle!!!
1 3 1, 2 3 1, 
2 3 2, 3 1 0, 
2 3 2, 0 0 2, 
fasle!!!
0 0 2, 2 3 2, 
2 3 2, 0 0 3, 
2 3 2, 0 2 2, 
fasle!!!
0 2 2, 2 3 2, 
2 3 2, 0 3 2, 
fasle!!!
0 3 2, 2 3 2, 
2 3 2, 1 3 2, 
fasle!!!
1 3 2, 2 3 2, 
2 3 3, 3 1 0, 
2 3 3, 0 0 2, 
fasle!!!
0 0 2, 2 3 3, 
2 3 3, 0 0 3, 
fasle!!!
0 0 3, 2 3 3, 
2 3 3, 0 2 3, 
fasle!!!
0 2 3, 2 3 3, 
2 3 3, 0 3 3, 
fasle!!!
0 3 3, 2 3 3, 
2 3 3, 3 0 0, 
2 3 3, 1 3 3, 
fasle!!!
1 3 3, 2 3 3, 
2 3 0, 3 1 0, 
2 3 0, 0 0 2, 
2 3 0, 0 0 1, 
2 3 0, 0 2 0, 
fasle!!!
0 2 0, 2 3 0, 
2 3 0, 0 3 0, 
fasle!!!
0 3 0, 2 3 0, 
2 3 0, 1 3 0, 
fasle!!!
1 3 0, 2 3 0, 
2 3 1, 3 1 0, 
2 3 1, 0 0 2, 
2 3 1, 0 0 1, 
fasle!!!
0 0 1, 2 3 1, 
2 3 1, 0 2 1, 
fasle!!!
0 2 1, 2 3 1, 
2 3 1, 0 3 1, 
fasle!!!
0 3 1, 2 3 1, 
2 3 1, 1 3 1, 
fasle!!!
1 3 1, 2 3 1, 
2 3 1, 2 3 1, 
fasle!!!
2 3 1, 2 3 1, 
fasle!!!
2 0 1, 3 1 0, 
2 0 1, 0 0 2, 
2 0 1, 0 0 1, 
fasle!!!
0 0 1, 2 0 1, 
2 0 1, 0 2 1, 
2 0 1, 0 1 1, 
2 0 1, 1 0 1, 
fasle!!!
1 0 1, 2 0 1, 
2 0 1, 2 0 1, 
fasle!!!
2 0 1, 2 0 1, 
fasle!!!
2 0 2, 3 1 0, 
2 0 2, 0 0 2, 
fasle!!!
0 0 2, 2 0 2, 
2 0 2, 0 0 3, 
2 0 2, 0 2 2, 
2 0 2, 0 1 2, 
2 0 2, 1 0 2, 
fasle!!!
1 0 2, 2 0 2, 
2 0 2, 2 0 2, 
fasle!!!
2 0 2, 2 0 2, 
fasle!!!
2 0 3, 3 1 0, 
2 0 3, 0 0 2, 
fasle!!!
0 0 2, 2 0 3, 
2 0 3, 0 0 3, 
fasle!!!
0 0 3, 2 0 3, 
2 0 3, 0 2 3, 
2 0 3, 0 1 3, 
2 0 3, 1 0 3, 
fasle!!!
1 0 3, 2 0 3, 
2 0 3, 2 0 3, 
fasle!!!
2 0 3, 2 0 3, 
fasle!!!
2 0 0, 3 1 0, 
2 0 0, 0 0 2, 
2 0 0, 0 0 1, 
2 0 0, 0 2 0, 
2 0 0, 0 1 0, 
2 0 0, 1 0 0, 
fasle!!!
1 0 0, 2 0 0, 
2 0 0, 2 0 0, 
fasle!!!
2 0 0, 2 0 0, 
fasle!!!
2 0 1, 3 1 0, 
2 0 1, 0 0 2, 
2 0 1, 0 0 1, 
fasle!!!
0 0 1, 2 0 1, 
2 0 1, 0 2 1, 
2 0 1, 0 1 1, 
2 0 1, 1 0 1, 
fasle!!!
1 0 1, 2 0 1, 
2 0 1, 2 0 1, 
fasle!!!
2 0 1, 2 0 1, 
fasle!!!
3 0 1, 3 1 0, 
3 0 1, 0 0 2, 
3 0 1, 0 0 1, 
fasle!!!
0 0 1, 3 0 1, 
3 0 1, 0 2 1, 
3 0 1, 0 1 1, 
3 0 1, 1 0 1, 
fasle!!!
1 0 1, 3 0 1, 
3 0 1, 2 0 1, 
fasle!!!
2 0 1, 3 0 1, 
3 0 2, 3 1 0, 
3 0 2, 0 0 2, 
fasle!!!
0 0 2, 3 0 2, 
3 0 2, 0 0 3, 
3 0 2, 0 2 2, 
3 0 2, 0 1 2, 
3 0 2, 1 0 2, 
fasle!!!
1 0 2, 3 0 2, 
3 0 2, 2 0 2, 
fasle!!!
2 0 2, 3 0 2, 
3 0 3, 3 1 0, 
3 0 3, 0 0 2, 
fasle!!!
0 0 2, 3 0 3, 
3 0 3, 0 0 3, 
fasle!!!
0 0 3, 3 0 3, 
3 0 3, 0 2 3, 
3 0 3, 0 1 3, 
3 0 3, 1 0 3, 
fasle!!!
1 0 3, 3 0 3, 
3 0 3, 2 0 3, 
fasle!!!
2 0 3, 3 0 3, 
3 0 0, 3 1 0, 
3 0 0, 0 0 2, 
3 0 0, 0 0 1, 
3 0 0, 0 2 0, 
3 0 0, 0 1 0, 
3 0 0, 1 0 0, 
fasle!!!
1 0 0, 3 0 0, 
3 0 0, 2 0 0, 
fasle!!!
2 0 0, 3 0 0, 
3 0 1, 3 1 0, 
3 0 1, 0 0 2, 
3 0 1, 0 0 1, 
fasle!!!
0 0 1, 3 0 1, 
3 0 1, 0 2 1, 
3 0 1, 0 1 1, 
3 0 1, 2 0 1, 
fasle!!!
2 0 1, 3 0 1, 
3 0 1, 3 0 1, 
fasle!!!
3 0 1, 3 0 1, 
fasle!!!
3 1 1, 3 1 0, 
fasle!!!
3 1 0, 3 1 1, 
3 1 1, 3 0 2, 
3 1 1, 3 0 1, 
fasle!!!
3 0 1, 3 1 1, 
3 1 1, 3 2 1, 
3 1 1, 3 1 1, 
fasle!!!
3 1 1, 3 1 1, 
fasle!!!
3 1 2, 3 1 0, 
fasle!!!
3 1 0, 3 1 2, 
3 1 2, 3 0 2, 
fasle!!!
3 0 2, 3 1 2, 
3 1 2, 3 0 3, 
3 1 2, 3 2 2, 
3 1 2, 3 1 2, 
fasle!!!
3 1 2, 3 1 2, 
fasle!!!
3 1 3, 3 1 0, 
fasle!!!
3 1 0, 3 1 3, 
3 1 3, 3 0 2, 
fasle!!!
3 0 2, 3 1 3, 
3 1 3, 3 0 3, 
fasle!!!
3 0 3, 3 1 3, 
3 1 3, 3 2 3, 
3 1 3, 3 1 3, 
fasle!!!
3 1 3, 3 1 3, 
fasle!!!
3 1 0, 3 1 0, 
fasle!!!
3 1 0, 3 1 0, 
fasle!!!
3 1 1, 3 1 0, 
fasle!!!
3 1 0, 3 1 1, 
3 1 1, 3 0 2, 
3 1 1, 3 0 1, 
fasle!!!
3 0 1, 3 1 1, 
3 1 1, 3 2 1, 
3 1 1, 3 1 1, 
fasle!!!
3 1 1, 3 1 1, 
fasle!!!
3 2 1, 3 1 0, 
fasle!!!
3 1 0, 3 2 1, 
3 2 1, 3 0 2, 
3 2 1, 3 0 1, 
fasle!!!
3 0 1, 3 2 1, 
3 2 1, 3 2 1, 
fasle!!!
3 2 1, 3 2 1, 
fasle!!!
3 2 2, 3 1 0, 
fasle!!!
3 1 0, 3 2 2, 
3 2 2, 3 0 2, 
fasle!!!
3 0 2, 3 2 2, 
3 2 2, 3 0 3, 
3 2 2, 3 2 2, 
fasle!!!
3 2 2, 3 2 2, 
fasle!!!
3 2 3, 3 1 0, 
fasle!!!
3 1 0, 3 2 3, 
3 2 3, 3 0 2, 
fasle!!!
3 0 2, 3 2 3, 
3 2 3, 3 0 3, 
fasle!!!
3 0 3, 3 2 3, 
3 2 3, 3 2 3, 
fasle!!!
3 2 3, 3 2 3, 
fasle!!!
3 2 0, 3 1 0, 
fasle!!!
3 1 0, 3 2 0, 
3 2 0, 3 0 2, 
3 2 0, 3 0 1, 
3 2 0, 3 2 0, 
fasle!!!
3 2 0, 3 2 0, 
fasle!!!
3 2 1, 3 1 0, 
fasle!!!
3 1 0, 3 2 1, 
3 2 1, 3 0 2, 
3 2 1, 3 0 1, 
fasle!!!
3 0 1, 3 2 1, 
3 2 1, 3 2 1, 
fasle!!!
3 2 1, 3 2 1, 
fasle!!!
3 3 1, 3 1 0, 
fasle!!!
3 1 0, 3 3 1, 
3 3 1, 3 0 2, 
3 3 1, 3 0 1, 
fasle!!!
3 0 1, 3 3 1, 
3 3 1, 3 2 1, 
fasle!!!
3 2 1, 3 3 1, 
3 3 1, 3 3 1, 
fasle!!!
3 3 1, 3 3 1, 
fasle!!!
3 3 2, 3 1 0, 
fasle!!!
3 1 0, 3 3 2, 
3 3 2, 3 0 2, 
fasle!!!
3 0 2, 3 3 2, 
3 3 2, 3 0 3, 
3 3 2, 3 2 2, 
fasle!!!
3 2 2, 3 3 2, 
3 3 2, 3 3 2, 
fasle!!!
3 3 2, 3 3 2, 
fasle!!!
3 3 3, 3 1 0, 
fasle!!!
3 1 0, 3 3 3, 
3 3 3, 3 0 2, 
fasle!!!
3 0 2, 3 3 3, 
3 3 3, 3 0 3, 
fasle!!!
3 0 3, 3 3 3, 
3 3 3, 3 2 3, 
fasle!!!
3 2 3, 3 3 3, 
3 3 3, 3 3 3, 
fasle!!!
3 3 3, 3 3 3, 
fasle!!!
3 3 0, 3 1 0, 
fasle!!!
3 1 0, 3 3 0, 
3 3 0, 3 0 2, 
3 3 0, 3 0 1, 
3 3 0, 3 2 0, 
fasle!!!
3 2 0, 3 3 0, 
3 3 0, 3 3 0, 
fasle!!!
3 3 0, 3 3 0, 
fasle!!!
3 3 1, 3 1 0, 
fasle!!!
3 1 0, 3 3 1, 
3 3 1, 3 0 2, 
3 3 1, 3 0 1, 
fasle!!!
3 0 1, 3 3 1, 
3 3 1, 3 2 1, 
fasle!!!
3 2 1, 3 3 1, 
3 3 1, 3 3 1, 
fasle!!!
3 3 1, 3 3 1, 
fasle!!!
3 0 1, 3 1 0, 
3 0 1, 0 0 2, 
3 0 1, 0 0 1, 
fasle!!!
0 0 1, 3 0 1, 
3 0 1, 0 2 1, 
3 0 1, 0 1 1, 
3 0 1, 2 0 1, 
fasle!!!
2 0 1, 3 0 1, 
3 0 1, 3 0 1, 
fasle!!!
3 0 1, 3 0 1, 
fasle!!!
3 0 2, 3 1 0, 
3 0 2, 0 0 2, 
fasle!!!
0 0 2, 3 0 2, 
3 0 2, 0 0 3, 
3 0 2, 0 2 2, 
3 0 2, 0 1 2, 
3 0 2, 2 0 2, 
fasle!!!
2 0 2, 3 0 2, 
3 0 2, 3 0 2, 
fasle!!!
3 0 2, 3 0 2, 
fasle!!!
3 0 3, 3 1 0, 
3 0 3, 0 0 2, 
fasle!!!
0 0 2, 3 0 3, 
3 0 3, 0 0 3, 
fasle!!!
0 0 3, 3 0 3, 
3 0 3, 0 2 3, 
3 0 3, 0 1 3, 
3 0 3, 2 0 3, 
fasle!!!
2 0 3, 3 0 3, 
3 0 3, 3 0 3, 
fasle!!!
3 0 3, 3 0 3, 
fasle!!!
3 0 0, 3 1 0, 
3 0 0, 0 0 2, 
3 0 0, 0 0 1, 
3 0 0, 0 2 0, 
3 0 0, 0 1 0, 
3 0 0, 1 0 0, 
fasle!!!
1 0 0, 3 0 0, 
3 0 0, 2 0 0, 
fasle!!!
2 0 0, 3 0 0, 
3 0 0, 3 0 0, 
fasle!!!
3 0 0, 3 0 0, 
fasle!!!
3 0 1, 3 1 0, 
3 0 1, 0 0 2, 
3 0 1, 0 0 1, 
fasle!!!
0 0 1, 3 0 1, 
3 0 1, 0 2 1, 
3 0 1, 0 1 1, 
3 0 1, 2 0 1, 
fasle!!!
2 0 1, 3 0 1, 
3 0 1, 3 0 1, 
fasle!!!
3 0 1, 3 0 1, 
fasle!!!
0 1 2, 3 1 0, 
0 1 2, 0 0 2, 
fasle!!!
0 0 2, 0 1 2, 
0 1 2, 0 0 3, 
0 1 2, 0 2 2, 
0 1 2, 0 1 2, 
fasle!!!
0 1 2, 0 1 2, 
fasle!!!
0 1 3, 3 1 0, 
0 1 3, 0 0 2, 
fasle!!!
0 0 2, 0 1 3, 
0 1 3, 0 0 3, 
fasle!!!
0 0 3, 0 1 3, 
0 1 3, 0 2 3, 
0 1 3, 0 1 3, 
fasle!!!
0 1 3, 0 1 3, 
fasle!!!
0 1 0, 3 1 0, 
0 1 0, 0 0 2, 
0 1 0, 0 0 1, 
0 1 0, 0 2 0, 
0 1 0, 0 1 0, 
fasle!!!
0 1 0, 0 1 0, 
fasle!!!
0 1 1, 3 1 0, 
0 1 1, 0 0 2, 
0 1 1, 0 0 1, 
fasle!!!
0 0 1, 0 1 1, 
0 1 1, 0 2 1, 
0 1 1, 0 1 1, 
fasle!!!
0 1 1, 0 1 1, 
fasle!!!
0 1 2, 3 1 0, 
0 1 2, 0 0 2, 
fasle!!!
0 0 2, 0 1 2, 
0 1 2, 0 0 3, 
0 1 2, 0 2 2, 
0 1 2, 0 1 2, 
fasle!!!
0 1 2, 0 1 2, 
fasle!!!
0 2 2, 3 1 0, 
0 2 2, 0 0 2, 
fasle!!!
0 0 2, 0 2 2, 
0 2 2, 0 0 3, 
0 2 2, 0 2 2, 
fasle!!!
0 2 2, 0 2 2, 
fasle!!!
0 2 3, 3 1 0, 
0 2 3, 0 0 2, 
fasle!!!
0 0 2, 0 2 3, 
0 2 3, 0 0 3, 
fasle!!!
0 0 3, 0 2 3, 
0 2 3, 0 2 3, 
fasle!!!
0 2 3, 0 2 3, 
fasle!!!
0 2 0, 3 1 0, 
0 2 0, 0 0 2, 
0 2 0, 0 0 1, 
0 2 0, 0 2 0, 
fasle!!!
0 2 0, 0 2 0, 
fasle!!!
0 2 1, 3 1 0, 
0 2 1, 0 0 2, 
0 2 1, 0 0 1, 
fasle!!!
0 0 1, 0 2 1, 
0 2 1, 0 2 1, 
fasle!!!
0 2 1, 0 2 1, 
fasle!!!
0 2 2, 3 1 0, 
0 2 2, 0 0 2, 
fasle!!!
0 0 2, 0 2 2, 
0 2 2, 0 0 3, 
0 2 2, 0 2 2, 
fasle!!!
0 2 2, 0 2 2, 
fasle!!!
0 3 2, 3 1 0, 
0 3 2, 0 0 2, 
fasle!!!
0 0 2, 0 3 2, 
0 3 2, 0 0 3, 
0 3 2, 0 2 2, 
fasle!!!
0 2 2, 0 3 2, 
0 3 2, 0 3 2, 
fasle!!!
0 3 2, 0 3 2, 
fasle!!!
0 3 3, 3 1 0, 
0 3 3, 0 0 2, 
fasle!!!
0 0 2, 0 3 3, 
0 3 3, 0 0 3, 
fasle!!!
0 0 3, 0 3 3, 
0 3 3, 0 2 3, 
fasle!!!
0 2 3, 0 3 3, 
0 3 3, 0 3 3, 
fasle!!!
0 3 3, 0 3 3, 
fasle!!!
0 3 0, 3 1 0, 
0 3 0, 0 0 2, 
0 3 0, 0 0 1, 
0 3 0, 0 2 0, 
fasle!!!
0 2 0, 0 3 0, 
0 3 0, 0 3 0, 
fasle!!!
0 3 0, 0 3 0, 
fasle!!!
0 3 1, 3 1 0, 
0 3 1, 0 0 2, 
0 3 1, 0 0 1, 
fasle!!!
0 0 1, 0 3 1, 
0 3 1, 0 2 1, 
fasle!!!
0 2 1, 0 3 1, 
0 3 1, 0 3 1, 
fasle!!!
0 3 1, 0 3 1, 
fasle!!!
0 3 2, 3 1 0, 
0 3 2, 0 0 2, 
fasle!!!
0 0 2, 0 3 2, 
0 3 2, 0 0 3, 
0 3 2, 0 2 2, 
fasle!!!
0 2 2, 0 3 2, 
0 3 2, 0 3 2, 
fasle!!!
0 3 2, 0 3 2, 
fasle!!!
0 0 2, 3 1 0, 
0 0 2, 0 0 2, 
fasle!!!
0 0 2, 0 0 2, 
fasle!!!
0 0 3, 3 1 0, 
0 0 3, 0 0 2, 
fasle!!!
0 0 2, 0 0 3, 
0 0 3, 0 0 3, 
fasle!!!
0 0 3, 0 0 3, 
fasle!!!
0 0 0, 3 1 0, 
0 0 0, 0 0 2, 
0 0 0, 0 0 1, 
0 0 0, 0 2 0, 
0 0 0, 0 1 0, 
0 0 0, 1 0 0, 
0 0 0, 0 0 0, 
fasle!!!
0 0 0, 0 0 0, 
fasle!!!
0 0 1, 3 1 0, 
0 0 1, 0 0 2, 
0 0 1, 0 0 1, 
fasle!!!
0 0 1, 0 0 1, 
fasle!!!
0 0 2, 3 1 0, 
0 0 2, 0 0 2, 
fasle!!!
0 0 2, 0 0 2, 
fasle!!!
0 1 2, 3 1 0, 
0 1 2, 0 0 2, 
fasle!!!
0 0 2, 0 1 2, 
0 1 2, 0 0 3, 
0 1 2, 0 2 2, 
0 1 2, 0 1 2, 
fasle!!!
0 1 2, 0 1 2, 
fasle!!!
0 1 3, 3 1 0, 
0 1 3, 0 0 2, 
fasle!!!
0 0 2, 0 1 3, 
0 1 3, 0 0 3, 
fasle!!!
0 0 3, 0 1 3, 
0 1 3, 0 2 3, 
0 1 3, 0 1 3, 
fasle!!!
0 1 3, 0 1 3, 
fasle!!!
0 1 0, 3 1 0, 
0 1 0, 0 0 2, 
0 1 0, 0 0 1, 
0 1 0, 0 2 0, 
0 1 0, 0 1 0, 
fasle!!!
0 1 0, 0 1 0, 
fasle!!!
0 1 1, 3 1 0, 
0 1 1, 0 0 2, 
0 1 1, 0 0 1, 
fasle!!!
0 0 1, 0 1 1, 
0 1 1, 0 2 1, 
0 1 1, 0 1 1, 
fasle!!!
0 1 1, 0 1 1, 
fasle!!!
0 1 2, 3 1 0, 
0 1 2, 0 0 2, 
fasle!!!
0 0 2, 0 1 2, 
0 1 2, 0 0 3, 
0 1 2, 0 2 2, 
0 1 2, 0 1 2, 
fasle!!!
0 1 2, 0 1 2, 
fasle!!!
1 1 2, 3 1 0, 
1 1 2, 0 0 2, 
fasle!!!
0 0 2, 1 1 2, 
1 1 2, 0 0 3, 
1 1 2, 0 2 2, 
1 1 2, 0 1 2, 
fasle!!!
0 1 2, 1 1 2, 
1 1 2, 1 1 2, 
fasle!!!
1 1 2, 1 1 2, 
fasle!!!
1 1 3, 3 1 0, 
1 1 3, 0 0 2, 
fasle!!!
0 0 2, 1 1 3, 
1 1 3, 0 0 3, 
fasle!!!
0 0 3, 1 1 3, 
1 1 3, 0 2 3, 
1 1 3, 0 1 3, 
fasle!!!
0 1 3, 1 1 3, 
1 1 3, 1 1 3, 
fasle!!!
1 1 3, 1 1 3, 
fasle!!!
1 1 0, 3 1 0, 
1 1 0, 0 0 2, 
1 1 0, 0 0 1, 
1 1 0, 0 2 0, 
1 1 0, 0 1 0, 
fasle!!!
0 1 0, 1 1 0, 
1 1 0, 1 1 0, 
fasle!!!
1 1 0, 1 1 0, 
fasle!!!
1 1 1, 3 1 0, 
1 1 1, 0 0 2, 
1 1 1, 0 0 1, 
fasle!!!
0 0 1, 1 1 1, 
1 1 1, 0 2 1, 
1 1 1, 0 1 1, 
fasle!!!
0 1 1, 1 1 1, 
1 1 1, 1 1 1, 
fasle!!!
1 1 1, 1 1 1, 
fasle!!!
1 1 2, 3 1 0, 
1 1 2, 0 0 2, 
fasle!!!
0 0 2, 1 1 2, 
1 1 2, 0 0 3, 
1 1 2, 0 2 2, 
1 1 2, 0 1 2, 
fasle!!!
0 1 2, 1 1 2, 
1 1 2, 1 1 2, 
fasle!!!
1 1 2, 1 1 2, 
fasle!!!
1 2 2, 3 1 0, 
1 2 2, 0 0 2, 
fasle!!!
0 0 2, 1 2 2, 
1 2 2, 0 0 3, 
1 2 2, 0 2 2, 
fasle!!!
0 2 2, 1 2 2, 
1 2 2, 0 3 2, 
1 2 2, 1 2 2, 
fasle!!!
1 2 2, 1 2 2, 
fasle!!!
1 2 3, 3 1 0, 
1 2 3, 0 0 2, 
fasle!!!
0 0 2, 1 2 3, 
1 2 3, 0 0 3, 
fasle!!!
0 0 3, 1 2 3, 
1 2 3, 0 2 3, 
fasle!!!
0 2 3, 1 2 3, 
1 2 3, 0 3 3, 
1 2 3, 1 2 3, 
fasle!!!
1 2 3, 1 2 3, 
fasle!!!
1 2 0, 3 1 0, 
1 2 0, 0 0 2, 
1 2 0, 0 0 1, 
1 2 0, 0 2 0, 
fasle!!!
0 2 0, 1 2 0, 
1 2 0, 0 3 0, 
1 2 0, 1 2 0, 
fasle!!!
1 2 0, 1 2 0, 
fasle!!!
1 2 1, 3 1 0, 
1 2 1, 0 0 2, 
1 2 1, 0 0 1, 
fasle!!!
0 0 1, 1 2 1, 
1 2 1, 0 2 1, 
fasle!!!
0 2 1, 1 2 1, 
1 2 1, 0 3 1, 
1 2 1, 1 2 1, 
fasle!!!
1 2 1, 1 2 1, 
fasle!!!
1 2 2, 3 1 0, 
1 2 2, 0 0 2, 
fasle!!!
0 0 2, 1 2 2, 
1 2 2, 0 0 3, 
1 2 2, 0 2 2, 
fasle!!!
0 2 2, 1 2 2, 
1 2 2, 0 3 2, 
1 2 2, 1 2 2, 
fasle!!!
1 2 2, 1 2 2, 
fasle!!!
1 3 2, 3 1 0, 
1 3 2, 0 0 2, 
fasle!!!
0 0 2, 1 3 2, 
1 3 2, 0 0 3, 
1 3 2, 0 2 2, 
fasle!!!
0 2 2, 1 3 2, 
1 3 2, 0 3 2, 
fasle!!!
0 3 2, 1 3 2, 
1 3 2, 1 3 2, 
fasle!!!
1 3 2, 1 3 2, 
fasle!!!
1 3 3, 3 1 0, 
1 3 3, 0 0 2, 
fasle!!!
0 0 2, 1 3 3, 
1 3 3, 0 0 3, 
fasle!!!
0 0 3, 1 3 3, 
1 3 3, 0 2 3, 
fasle!!!
0 2 3, 1 3 3, 
1 3 3, 0 3 3, 
fasle!!!
0 3 3, 1 3 3, 
1 3 3, 2 3 3, 
1 3 3, 1 3 3, 
fasle!!!
1 3 3, 1 3 3, 
fasle!!!
1 3 0, 3 1 0, 
1 3 0, 0 0 2, 
1 3 0, 0 0 1, 
1 3 0, 0 2 0, 
fasle!!!
0 2 0, 1 3 0, 
1 3 0, 0 3 0, 
fasle!!!
0 3 0, 1 3 0, 
1 3 0, 1 3 0, 
fasle!!!
1 3 0, 1 3 0, 
fasle!!!
1 3 1, 3 1 0, 
1 3 1, 0 0 2, 
1 3 1, 0 0 1, 
fasle!!!
0 0 1, 1 3 1, 
1 3 1, 0 2 1, 
fasle!!!
0 2 1, 1 3 1, 
1 3 1, 0 3 1, 
fasle!!!
0 3 1, 1 3 1, 
1 3 1, 1 3 1, 
fasle!!!
1 3 1, 1 3 1, 
fasle!!!
1 3 2, 3 1 0, 
1 3 2, 0 0 2, 
fasle!!!
0 0 2, 1 3 2, 
1 3 2, 0 0 3, 
1 3 2, 0 2 2, 
fasle!!!
0 2 2, 1 3 2, 
1 3 2, 0 3 2, 
fasle!!!
0 3 2, 1 3 2, 
1 3 2, 1 3 2, 
fasle!!!
1 3 2, 1 3 2, 
fasle!!!
1 0 2, 3 1 0, 
1 0 2, 0 0 2, 
fasle!!!
0 0 2, 1 0 2, 
1 0 2, 0 0 3, 
1 0 2, 0 2 2, 
1 0 2, 0 1 2, 
1 0 2, 2 0 2, 
1 0 2, 1 0 2, 
fasle!!!
1 0 2, 1 0 2, 
fasle!!!
1 0 3, 3 1 0, 
1 0 3, 0 0 2, 
fasle!!!
0 0 2, 1 0 3, 
1 0 3, 0 0 3, 
fasle!!!
0 0 3, 1 0 3, 
1 0 3, 0 2 3, 
1 0 3, 0 1 3, 
1 0 3, 2 0 3, 
1 0 3, 1 0 3, 
fasle!!!
1 0 3, 1 0 3, 
fasle!!!
1 0 0, 3 1 0, 
1 0 0, 0 0 2, 
1 0 0, 0 0 1, 
1 0 0, 0 2 0, 
1 0 0, 0 1 0, 
1 0 0, 1 0 0, 
fasle!!!
1 0 0, 1 0 0, 
fasle!!!
1 0 1, 3 1 0, 
1 0 1, 0 0 2, 
1 0 1, 0 0 1, 
fasle!!!
0 0 1, 1 0 1, 
1 0 1, 0 2 1, 
1 0 1, 0 1 1, 
1 0 1, 2 0 1, 
1 0 1, 1 0 1, 
fasle!!!
1 0 1, 1 0 1, 
fasle!!!
1 0 2, 3 1 0, 
1 0 2, 0 0 2, 
fasle!!!
0 0 2, 1 0 2, 
1 0 2, 0 0 3, 
1 0 2, 0 2 2, 
1 0 2, 0 1 2, 
1 0 2, 2 0 2, 
1 0 2, 1 0 2, 
fasle!!!
1 0 2, 1 0 2, 
fasle!!!
1 1 2, 3 1 0, 
1 1 2, 0 0 2, 
fasle!!!
0 0 2, 1 1 2, 
1 1 2, 0 0 3, 
1 1 2, 0 2 2, 
1 1 2, 0 1 2, 
fasle!!!
0 1 2, 1 1 2, 
1 1 2, 1 1 2, 
fasle!!!
1 1 2, 1 1 2, 
fasle!!!
1 1 3, 3 1 0, 
1 1 3, 0 0 2, 
fasle!!!
0 0 2, 1 1 3, 
1 1 3, 0 0 3, 
fasle!!!
0 0 3, 1 1 3, 
1 1 3, 0 2 3, 
1 1 3, 0 1 3, 
fasle!!!
0 1 3, 1 1 3, 
1 1 3, 1 1 3, 
fasle!!!
1 1 3, 1 1 3, 
fasle!!!
1 1 0, 3 1 0, 
1 1 0, 0 0 2, 
1 1 0, 0 0 1, 
1 1 0, 0 2 0, 
1 1 0, 0 1 0, 
fasle!!!
0 1 0, 1 1 0, 
1 1 0, 1 1 0, 
fasle!!!
1 1 0, 1 1 0, 
fasle!!!
1 1 1, 3 1 0, 
1 1 1, 0 0 2, 
1 1 1, 0 0 1, 
fasle!!!
0 0 1, 1 1 1, 
1 1 1, 0 2 1, 
1 1 1, 0 1 1, 
fasle!!!
0 1 1, 1 1 1, 
1 1 1, 1 1 1, 
fasle!!!
1 1 1, 1 1 1, 
fasle!!!
1 1 2, 3 1 0, 
1 1 2, 0 0 2, 
fasle!!!
0 0 2, 1 1 2, 
1 1 2, 0 0 3, 
1 1 2, 0 2 2, 
1 1 2, 0 1 2, 
fasle!!!
0 1 2, 1 1 2, 
1 1 2, 1 1 2, 
fasle!!!
1 1 2, 1 1 2, 
fasle!!!
2 1 2, 3 1 0, 
2 1 2, 0 0 2, 
fasle!!!
0 0 2, 2 1 2, 
2 1 2, 0 0 3, 
2 1 2, 0 2 2, 
2 1 2, 0 1 2, 
fasle!!!
0 1 2, 2 1 2, 
2 1 2, 1 1 2, 
fasle!!!
1 1 2, 2 1 2, 
2 1 2, 2 1 2, 
fasle!!!
2 1 2, 2 1 2, 
fasle!!!
2 1 3, 3 1 0, 
2 1 3, 0 0 2, 
fasle!!!
0 0 2, 2 1 3, 
2 1 3, 0 0 3, 
fasle!!!
0 0 3, 2 1 3, 
2 1 3, 0 2 3, 
2 1 3, 0 1 3, 
fasle!!!
0 1 3, 2 1 3, 
2 1 3, 1 1 3, 
fasle!!!
1 1 3, 2 1 3, 
2 1 3, 2 1 3, 
fasle!!!
2 1 3, 2 1 3, 
fasle!!!
2 1 0, 3 1 0, 
2 1 0, 0 0 2, 
2 1 0, 0 0 1, 
2 1 0, 0 2 0, 
2 1 0, 0 1 0, 
fasle!!!
0 1 0, 2 1 0, 
2 1 0, 1 1 0, 
fasle!!!
1 1 0, 2 1 0, 
2 1 0, 2 1 0, 
fasle!!!
2 1 0, 2 1 0, 
fasle!!!
2 1 1, 3 1 0, 
2 1 1, 0 0 2, 
2 1 1, 0 0 1, 
fasle!!!
0 0 1, 2 1 1, 
2 1 1, 0 2 1, 
2 1 1, 0 1 1, 
fasle!!!
0 1 1, 2 1 1, 
2 1 1, 1 1 1, 
fasle!!!
1 1 1, 2 1 1, 
2 1 1, 2 1 1, 
fasle!!!
2 1 1, 2 1 1, 
fasle!!!
2 1 2, 3 1 0, 
2 1 2, 0 0 2, 
fasle!!!
0 0 2, 2 1 2, 
2 1 2, 0 0 3, 
2 1 2, 0 2 2, 
2 1 2, 0 1 2, 
fasle!!!
0 1 2, 2 1 2, 
2 1 2, 1 1 2, 
fasle!!!
1 1 2, 2 1 2, 
2 1 2, 2 1 2, 
fasle!!!
2 1 2, 2 1 2, 
fasle!!!
2 2 2, 3 1 0, 
2 2 2, 0 0 2, 
fasle!!!
0 0 2, 2 2 2, 
2 2 2, 0 0 3, 
2 2 2, 0 2 2, 
fasle!!!
0 2 2, 2 2 2, 
2 2 2, 0 3 2, 
2 2 2, 1 2 2, 
fasle!!!
1 2 2, 2 2 2, 
2 2 2, 2 2 2, 
fasle!!!
2 2 2, 2 2 2, 
fasle!!!
2 2 3, 3 1 0, 
2 2 3, 0 0 2, 
fasle!!!
0 0 2, 2 2 3, 
2 2 3, 0 0 3, 
fasle!!!
0 0 3, 2 2 3, 
2 2 3, 0 2 3, 
fasle!!!
0 2 3, 2 2 3, 
2 2 3, 0 3 3, 
2 2 3, 1 2 3, 
fasle!!!
1 2 3, 2 2 3, 
2 2 3, 2 2 3, 
fasle!!!
2 2 3, 2 2 3, 
fasle!!!
2 2 0, 3 1 0, 
2 2 0, 0 0 2, 
2 2 0, 0 0 1, 
2 2 0, 0 2 0, 
fasle!!!
0 2 0, 2 2 0, 
2 2 0, 0 3 0, 
2 2 0, 1 2 0, 
fasle!!!
1 2 0, 2 2 0, 
2 2 0, 2 2 0, 
fasle!!!
2 2 0, 2 2 0, 
fasle!!!
2 2 1, 3 1 0, 
2 2 1, 0 0 2, 
2 2 1, 0 0 1, 
fasle!!!
0 0 1, 2 2 1, 
2 2 1, 0 2 1, 
fasle!!!
0 2 1, 2 2 1, 
2 2 1, 0 3 1, 
2 2 1, 1 2 1, 
fasle!!!
1 2 1, 2 2 1, 
2 2 1, 2 2 1, 
fasle!!!
2 2 1, 2 2 1, 
fasle!!!
2 2 2, 3 1 0, 
2 2 2, 0 0 2, 
fasle!!!
0 0 2, 2 2 2, 
2 2 2, 0 0 3, 
2 2 2, 0 2 2, 
fasle!!!
0 2 2, 2 2 2, 
2 2 2, 0 3 2, 
2 2 2, 1 2 2, 
fasle!!!
1 2 2, 2 2 2, 
2 2 2, 2 2 2, 
fasle!!!
2 2 2, 2 2 2, 
fasle!!!
2 3 2, 3 1 0, 
2 3 2, 0 0 2, 
fasle!!!
0 0 2, 2 3 2, 
2 3 2, 0 0 3, 
2 3 2, 0 2 2, 
fasle!!!
0 2 2, 2 3 2, 
2 3 2, 0 3 2, 
fasle!!!
0 3 2, 2 3 2, 
2 3 2, 1 3 2, 
fasle!!!
1 3 2, 2 3 2, 
2 3 2, 2 3 2, 
fasle!!!
2 3 2, 2 3 2, 
fasle!!!
2 3 3, 3 1 0, 
2 3 3, 0 0 2, 
fasle!!!
0 0 2, 2 3 3, 
2 3 3, 0 0 3, 
fasle!!!
0 0 3, 2 3 3, 
2 3 3, 0 2 3, 
fasle!!!
0 2 3, 2 3 3, 
2 3 3, 0 3 3, 
fasle!!!
0 3 3, 2 3 3, 
2 3 3, 2 3 3, 
fasle!!!
2 3 3, 2 3 3, 
fasle!!!
2 3 0, 3 1 0, 
2 3 0, 0 0 2, 
2 3 0, 0 0 1, 
2 3 0, 0 2 0, 
fasle!!!
0 2 0, 2 3 0, 
2 3 0, 0 3 0, 
fasle!!!
0 3 0, 2 3 0, 
2 3 0, 1 3 0, 
fasle!!!
1 3 0, 2 3 0, 
2 3 0, 2 3 0, 
fasle!!!
2 3 0, 2 3 0, 
fasle!!!
2 3 1, 3 1 0, 
2 3 1, 0 0 2, 
2 3 1, 0 0 1, 
fasle!!!
0 0 1, 2 3 1, 
2 3 1, 0 2 1, 
fasle!!!
0 2 1, 2 3 1, 
2 3 1, 0 3 1, 
fasle!!!
0 3 1, 2 3 1, 
2 3 1, 1 3 1, 
fasle!!!
1 3 1, 2 3 1, 
2 3 1, 2 3 1, 
fasle!!!
2 3 1, 2 3 1, 
fasle!!!
2 3 2, 3 1 0, 
2 3 2, 0 0 2, 
fasle!!!
0 0 2, 2 3 2, 
2 3 2, 0 0 3, 
2 3 2, 0 2 2, 
fasle!!!
0 2 2, 2 3 2, 
2 3 2, 0 3 2, 
fasle!!!
0 3 2, 2 3 2, 
2 3 2, 1 3 2, 
fasle!!!
1 3 2, 2 3 2, 
2 3 2, 2 3 2, 
fasle!!!
2 3 2, 2 3 2, 
fasle!!!
2 0 2, 3 1 0, 
2 0 2, 0 0 2, 
fasle!!!
0 0 2, 2 0 2, 
2 0 2, 0 0 3, 
2 0 2, 0 2 2, 
2 0 2, 0 1 2, 
2 0 2, 2 0 2, 
fasle!!!
2 0 2, 2 0 2, 
fasle!!!
2 0 3, 3 1 0, 
2 0 3, 0 0 2, 
fasle!!!
0 0 2, 2 0 3, 
2 0 3, 0 0 3, 
fasle!!!
0 0 3, 2 0 3, 
2 0 3, 0 2 3, 
2 0 3, 0 1 3, 
2 0 3, 2 0 3, 
fasle!!!
2 0 3, 2 0 3, 
fasle!!!
2 0 0, 3 1 0, 
2 0 0, 0 0 2, 
2 0 0, 0 0 1, 
2 0 0, 0 2 0, 
2 0 0, 0 1 0, 
2 0 0, 1 0 0, 
fasle!!!
1 0 0, 2 0 0, 
2 0 0, 2 0 0, 
fasle!!!
2 0 0, 2 0 0, 
fasle!!!
2 0 1, 3 1 0, 
2 0 1, 0 0 2, 
2 0 1, 0 0 1, 
fasle!!!
0 0 1, 2 0 1, 
2 0 1, 0 2 1, 
2 0 1, 0 1 1, 
2 0 1, 2 0 1, 
fasle!!!
2 0 1, 2 0 1, 
fasle!!!
2 0 2, 3 1 0, 
2 0 2, 0 0 2, 
fasle!!!
0 0 2, 2 0 2, 
2 0 2, 0 0 3, 
2 0 2, 0 2 2, 
2 0 2, 0 1 2, 
2 0 2, 2 0 2, 
fasle!!!
2 0 2, 2 0 2, 
fasle!!!
2 1 2, 3 1 0, 
2 1 2, 0 0 2, 
fasle!!!
0 0 2, 2 1 2, 
2 1 2, 0 0 3, 
2 1 2, 0 2 2, 
2 1 2, 0 1 2, 
fasle!!!
0 1 2, 2 1 2, 
2 1 2, 1 1 2, 
fasle!!!
1 1 2, 2 1 2, 
2 1 2, 2 1 2, 
fasle!!!
2 1 2, 2 1 2, 
fasle!!!
2 1 3, 3 1 0, 
2 1 3, 0 0 2, 
fasle!!!
0 0 2, 2 1 3, 
2 1 3, 0 0 3, 
fasle!!!
0 0 3, 2 1 3, 
2 1 3, 0 2 3, 
2 1 3, 0 1 3, 
fasle!!!
0 1 3, 2 1 3, 
2 1 3, 1 1 3, 
fasle!!!
1 1 3, 2 1 3, 
2 1 3, 2 1 3, 
fasle!!!
2 1 3, 2 1 3, 
fasle!!!
2 1 0, 3 1 0, 
2 1 0, 0 0 2, 
2 1 0, 0 0 1, 
2 1 0, 0 2 0, 
2 1 0, 0 1 0, 
fasle!!!
0 1 0, 2 1 0, 
2 1 0, 1 1 0, 
fasle!!!
1 1 0, 2 1 0, 
2 1 0, 2 1 0, 
fasle!!!
2 1 0, 2 1 0, 
fasle!!!
2 1 1, 3 1 0, 
2 1 1, 0 0 2, 
2 1 1, 0 0 1, 
fasle!!!
0 0 1, 2 1 1, 
2 1 1, 0 2 1, 
2 1 1, 0 1 1, 
fasle!!!
0 1 1, 2 1 1, 
2 1 1, 1 1 1, 
fasle!!!
1 1 1, 2 1 1, 
2 1 1, 2 1 1, 
fasle!!!
2 1 1, 2 1 1, 
fasle!!!
2 1 2, 3 1 0, 
2 1 2, 0 0 2, 
fasle!!!
0 0 2, 2 1 2, 
2 1 2, 0 0 3, 
2 1 2, 0 2 2, 
2 1 2, 0 1 2, 
fasle!!!
0 1 2, 2 1 2, 
2 1 2, 1 1 2, 
fasle!!!
1 1 2, 2 1 2, 
2 1 2, 2 1 2, 
fasle!!!
2 1 2, 2 1 2, 
fasle!!!
3 1 2, 3 1 0, 
fasle!!!
3 1 0, 3 1 2, 
3 1 2, 3 0 2, 
fasle!!!
3 0 2, 3 1 2, 
3 1 2, 3 0 3, 
3 1 2, 3 2 2, 
3 1 2, 3 1 2, 
fasle!!!
3 1 2, 3 1 2, 
fasle!!!
3 1 3, 3 1 0, 
fasle!!!
3 1 0, 3 1 3, 
3 1 3, 3 0 2, 
fasle!!!
3 0 2, 3 1 3, 
3 1 3, 3 0 3, 
fasle!!!
3 0 3, 3 1 3, 
3 1 3, 3 2 3, 
3 1 3, 3 1 3, 
fasle!!!
3 1 3, 3 1 3, 
fasle!!!
3 1 0, 3 1 0, 
fasle!!!
3 1 0, 3 1 0, 
fasle!!!
3 1 1, 3 1 0, 
fasle!!!
3 1 0, 3 1 1, 
3 1 1, 3 0 2, 
3 1 1, 3 0 1, 
fasle!!!
3 0 1, 3 1 1, 
3 1 1, 3 2 1, 
3 1 1, 3 1 1, 
fasle!!!
3 1 1, 3 1 1, 
fasle!!!
3 1 2, 3 1 0, 
fasle!!!
3 1 0, 3 1 2, 
3 1 2, 3 0 2, 
fasle!!!
3 0 2, 3 1 2, 
3 1 2, 3 0 3, 
3 1 2, 3 2 2, 
3 1 2, 3 1 2, 
fasle!!!
3 1 2, 3 1 2, 
fasle!!!
3 2 2, 3 1 0, 
fasle!!!
3 1 0, 3 2 2, 
3 2 2, 3 0 2, 
fasle!!!
3 0 2, 3 2 2, 
3 2 2, 3 0 3, 
3 2 2, 3 2 2, 
fasle!!!
3 2 2, 3 2 2, 
fasle!!!
3 2 3, 3 1 0, 
fasle!!!
3 1 0, 3 2 3, 
3 2 3, 3 0 2, 
fasle!!!
3 0 2, 3 2 3, 
3 2 3, 3 0 3, 
fasle!!!
3 0 3, 3 2 3, 
3 2 3, 3 2 3, 
fasle!!!
3 2 3, 3 2 3, 
fasle!!!
3 2 0, 3 1 0, 
fasle!!!
3 1 0, 3 2 0, 
3 2 0, 3 0 2, 
3 2 0, 3 0 1, 
3 2 0, 3 2 0, 
fasle!!!
3 2 0, 3 2 0, 
fasle!!!
3 2 1, 3 1 0, 
fasle!!!
3 1 0, 3 2 1, 
3 2 1, 3 0 2, 
3 2 1, 3 0 1, 
fasle!!!
3 0 1, 3 2 1, 
3 2 1, 3 2 1, 
fasle!!!
3 2 1, 3 2 1, 
fasle!!!
3 2 2, 3 1 0, 
fasle!!!
3 1 0, 3 2 2, 
3 2 2, 3 0 2, 
fasle!!!
3 0 2, 3 2 2, 
3 2 2, 3 0 3, 
3 2 2, 3 2 2, 
fasle!!!
3 2 2, 3 2 2, 
fasle!!!
3 3 2, 3 1 0, 
fasle!!!
3 1 0, 3 3 2, 
3 3 2, 3 0 2, 
fasle!!!
3 0 2, 3 3 2, 
3 3 2, 3 0 3, 
3 3 2, 3 2 2, 
fasle!!!
3 2 2, 3 3 2, 
3 3 2, 3 3 2, 
fasle!!!
3 3 2, 3 3 2, 
fasle!!!
3 3 3, 3 1 0, 
fasle!!!
3 1 0, 3 3 3, 
3 3 3, 3 0 2, 
fasle!!!
3 0 2, 3 3 3, 
3 3 3, 3 0 3, 
fasle!!!
3 0 3, 3 3 3, 
3 3 3, 3 2 3, 
fasle!!!
3 2 3, 3 3 3, 
3 3 3, 3 3 3, 
fasle!!!
3 3 3, 3 3 3, 
fasle!!!
3 3 0, 3 1 0, 
fasle!!!
3 1 0, 3 3 0, 
3 3 0, 3 0 2, 
3 3 0, 3 0 1, 
3 3 0, 3 2 0, 
fasle!!!
3 2 0, 3 3 0, 
3 3 0, 3 3 0, 
fasle!!!
3 3 0, 3 3 0, 
fasle!!!
3 3 1, 3 1 0, 
fasle!!!
3 1 0, 3 3 1, 
3 3 1, 3 0 2, 
3 3 1, 3 0 1, 
fasle!!!
3 0 1, 3 3 1, 
3 3 1, 3 2 1, 
fasle!!!
3 2 1, 3 3 1, 
3 3 1, 3 3 1, 
fasle!!!
3 3 1, 3 3 1, 
fasle!!!
3 3 2, 3 1 0, 
fasle!!!
3 1 0, 3 3 2, 
3 3 2, 3 0 2, 
fasle!!!
3 0 2, 3 3 2, 
3 3 2, 3 0 3, 
3 3 2, 3 2 2, 
fasle!!!
3 2 2, 3 3 2, 
3 3 2, 3 3 2, 
fasle!!!
3 3 2, 3 3 2, 
fasle!!!
3 0 2, 3 1 0, 
3 0 2, 0 0 2, 
fasle!!!
0 0 2, 3 0 2, 
3 0 2, 0 0 3, 
3 0 2, 0 2 2, 
3 0 2, 0 1 2, 
3 0 2, 2 0 2, 
fasle!!!
2 0 2, 3 0 2, 
3 0 2, 3 0 2, 
fasle!!!
3 0 2, 3 0 2, 
fasle!!!
3 0 3, 3 1 0, 
3 0 3, 0 0 2, 
fasle!!!
0 0 2, 3 0 3, 
3 0 3, 0 0 3, 
fasle!!!
0 0 3, 3 0 3, 
3 0 3, 0 2 3, 
3 0 3, 0 1 3, 
3 0 3, 2 0 3, 
fasle!!!
2 0 3, 3 0 3, 
3 0 3, 3 0 3, 
fasle!!!
3 0 3, 3 0 3, 
fasle!!!
3 0 0, 3 1 0, 
3 0 0, 0 0 2, 
3 0 0, 0 0 1, 
3 0 0, 0 2 0, 
3 0 0, 0 1 0, 
3 0 0, 1 0 0, 
fasle!!!
1 0 0, 3 0 0, 
3 0 0, 2 0 0, 
fasle!!!
2 0 0, 3 0 0, 
3 0 0, 3 0 0, 
fasle!!!
3 0 0, 3 0 0, 
fasle!!!
3 0 1, 3 1 0, 
3 0 1, 0 0 2, 
3 0 1, 0 0 1, 
fasle!!!
0 0 1, 3 0 1, 
3 0 1, 0 2 1, 
3 0 1, 0 1 1, 
3 0 1, 2 0 1, 
fasle!!!
2 0 1, 3 0 1, 
3 0 1, 3 0 1, 
fasle!!!
3 0 1, 3 0 1, 
fasle!!!
3 0 2, 3 1 0, 
3 0 2, 0 0 2, 
fasle!!!
0 0 2, 3 0 2, 
3 0 2, 0 0 3, 
3 0 2, 0 2 2, 
3 0 2, 0 1 2, 
3 0 2, 2 0 2, 
fasle!!!
2 0 2, 3 0 2, 
3 0 2, 3 0 2, 
fasle!!!
3 0 2, 3 0 2, 
fasle!!!
3 1 2, 3 1 0, 
fasle!!!
3 1 0, 3 1 2, 
3 1 2, 3 0 2, 
fasle!!!
3 0 2, 3 1 2, 
3 1 2, 3 0 3, 
3 1 2, 3 2 2, 
3 1 2, 3 1 2, 
fasle!!!
3 1 2, 3 1 2, 
fasle!!!
3 1 3, 3 1 0, 
fasle!!!
3 1 0, 3 1 3, 
3 1 3, 3 0 2, 
fasle!!!
3 0 2, 3 1 3, 
3 1 3, 3 0 3, 
fasle!!!
3 0 3, 3 1 3, 
3 1 3, 3 2 3, 
3 1 3, 3 1 3, 
fasle!!!
3 1 3, 3 1 3, 
fasle!!!
3 1 0, 3 1 0, 
fasle!!!
3 1 0, 3 1 0, 
fasle!!!
3 1 1, 3 1 0, 
fasle!!!
3 1 0, 3 1 1, 
3 1 1, 3 0 2, 
3 1 1, 3 0 1, 
fasle!!!
3 0 1, 3 1 1, 
3 1 1, 3 2 1, 
3 1 1, 3 1 1, 
fasle!!!
3 1 1, 3 1 1, 
fasle!!!
3 1 2, 3 1 0, 
fasle!!!
3 1 0, 3 1 2, 
3 1 2, 3 0 2, 
fasle!!!
3 0 2, 3 1 2, 
3 1 2, 3 0 3, 
3 1 2, 3 2 2, 
3 1 2, 3 1 2, 
fasle!!!
3 1 2, 3 1 2, 
fasle!!!
0 1 2, 3 1 0, 
0 1 2, 0 0 2, 
fasle!!!
0 0 2, 0 1 2, 
0 1 2, 0 0 3, 
0 1 2, 0 2 2, 
0 1 2, 0 1 2, 
fasle!!!
0 1 2, 0 1 2, 
fasle!!!
0 1 3, 3 1 0, 
0 1 3, 0 0 2, 
fasle!!!
0 0 2, 0 1 3, 
0 1 3, 0 0 3, 
fasle!!!
0 0 3, 0 1 3, 
0 1 3, 0 2 3, 
0 1 3, 0 1 3, 
fasle!!!
0 1 3, 0 1 3, 
fasle!!!
0 1 0, 3 1 0, 
0 1 0, 0 0 2, 
0 1 0, 0 0 1, 
0 1 0, 0 2 0, 
0 1 0, 0 1 0, 
fasle!!!
0 1 0, 0 1 0, 
fasle!!!
0 1 1, 3 1 0, 
0 1 1, 0 0 2, 
0 1 1, 0 0 1, 
fasle!!!
0 0 1, 0 1 1, 
0 1 1, 0 2 1, 
0 1 1, 0 1 1, 
fasle!!!
0 1 1, 0 1 1, 
fasle!!!
0 1 2, 3 1 0, 
0 1 2, 0 0 2, 
fasle!!!
0 0 2, 0 1 2, 
0 1 2, 0 0 3, 
0 1 2, 0 2 2, 
0 1 2, 0 1 2, 
fasle!!!
0 1 2, 0 1 2, 
fasle!!!
0 2 2, 3 1 0, 
0 2 2, 0 0 2, 
fasle!!!
0 0 2, 0 2 2, 
0 2 2, 0 0 3, 
0 2 2, 0 2 2, 
fasle!!!
0 2 2, 0 2 2, 
fasle!!!
0 2 3, 3 1 0, 
0 2 3, 0 0 2, 
fasle!!!
0 0 2, 0 2 3, 
0 2 3, 0 0 3, 
fasle!!!
0 0 3, 0 2 3, 
0 2 3, 0 2 3, 
fasle!!!
0 2 3, 0 2 3, 
fasle!!!
0 2 0, 3 1 0, 
0 2 0, 0 0 2, 
0 2 0, 0 0 1, 
0 2 0, 0 2 0, 
fasle!!!
0 2 0, 0 2 0, 
fasle!!!
0 2 1, 3 1 0, 
0 2 1, 0 0 2, 
0 2 1, 0 0 1, 
fasle!!!
0 0 1, 0 2 1, 
0 2 1, 0 2 1, 
fasle!!!
0 2 1, 0 2 1, 
fasle!!!
0 2 2, 3 1 0, 
0 2 2, 0 0 2, 
fasle!!!
0 0 2, 0 2 2, 
0 2 2, 0 0 3, 
0 2 2, 0 2 2, 
fasle!!!
0 2 2, 0 2 2, 
fasle!!!
0 3 2, 3 1 0, 
0 3 2, 0 0 2, 
fasle!!!
0 0 2, 0 3 2, 
0 3 2, 0 0 3, 
0 3 2, 0 2 2, 
fasle!!!
0 2 2, 0 3 2, 
0 3 2, 0 3 2, 
fasle!!!
0 3 2, 0 3 2, 
fasle!!!
0 3 3, 3 1 0, 
0 3 3, 0 0 2, 
fasle!!!
0 0 2, 0 3 3, 
0 3 3, 0 0 3, 
fasle!!!
0 0 3, 0 3 3, 
0 3 3, 0 2 3, 
fasle!!!
0 2 3, 0 3 3, 
0 3 3, 0 3 3, 
fasle!!!
0 3 3, 0 3 3, 
fasle!!!
0 3 0, 3 1 0, 
0 3 0, 0 0 2, 
0 3 0, 0 0 1, 
0 3 0, 0 2 0, 
fasle!!!
0 2 0, 0 3 0, 
0 3 0, 0 3 0, 
fasle!!!
0 3 0, 0 3 0, 
fasle!!!
0 3 1, 3 1 0, 
0 3 1, 0 0 2, 
0 3 1, 0 0 1, 
fasle!!!
0 0 1, 0 3 1, 
0 3 1, 0 2 1, 
fasle!!!
0 2 1, 0 3 1, 
0 3 1, 0 3 1, 
fasle!!!
0 3 1, 0 3 1, 
fasle!!!
0 3 2, 3 1 0, 
0 3 2, 0 0 2, 
fasle!!!
0 0 2, 0 3 2, 
0 3 2, 0 0 3, 
0 3 2, 0 2 2, 
fasle!!!
0 2 2, 0 3 2, 
0 3 2, 0 3 2, 
fasle!!!
0 3 2, 0 3 2, 
fasle!!!
0 0 2, 3 1 0, 
0 0 2, 0 0 2, 
fasle!!!
0 0 2, 0 0 2, 
fasle!!!
0 0 3, 3 1 0, 
0 0 3, 0 0 2, 
fasle!!!
0 0 2, 0 0 3, 
0 0 3, 0 0 3, 
fasle!!!
0 0 3, 0 0 3, 
fasle!!!
0 0 0, 3 1 0, 
0 0 0, 0 0 2, 
0 0 0, 0 0 1, 
0 0 0, 0 2 0, 
0 0 0, 0 1 0, 
0 0 0, 1 0 0, 
0 0 0, 0 0 0, 
fasle!!!
0 0 0, 0 0 0, 
fasle!!!
0 0 1, 3 1 0, 
0 0 1, 0 0 2, 
0 0 1, 0 0 1, 
fasle!!!
0 0 1, 0 0 1, 
fasle!!!
0 0 2, 3 1 0, 
0 0 2, 0 0 2, 
fasle!!!
0 0 2, 0 0 2, 
fasle!!!
0 1 2, 3 1 0, 
0 1 2, 0 0 2, 
fasle!!!
0 0 2, 0 1 2, 
0 1 2, 0 0 3, 
0 1 2, 0 2 2, 
0 1 2, 0 1 2, 
fasle!!!
0 1 2, 0 1 2, 
fasle!!!
0 1 3, 3 1 0, 
0 1 3, 0 0 2, 
fasle!!!
0 0 2, 0 1 3, 
0 1 3, 0 0 3, 
fasle!!!
0 0 3, 0 1 3, 
0 1 3, 0 2 3, 
0 1 3, 0 1 3, 
fasle!!!
0 1 3, 0 1 3, 
fasle!!!
0 1 0, 3 1 0, 
0 1 0, 0 0 2, 
0 1 0, 0 0 1, 
0 1 0, 0 2 0, 
0 1 0, 0 1 0, 
fasle!!!
0 1 0, 0 1 0, 
fasle!!!
0 1 1, 3 1 0, 
0 1 1, 0 0 2, 
0 1 1, 0 0 1, 
fasle!!!
0 0 1, 0 1 1, 
0 1 1, 0 2 1, 
0 1 1, 0 1 1, 
fasle!!!
0 1 1, 0 1 1, 
fasle!!!
0 1 2, 3 1 0, 
0 1 2, 0 0 2, 
fasle!!!
0 0 2, 0 1 2, 
0 1 2, 0 0 3, 
0 1 2, 0 2 2, 
0 1 2, 0 1 2, 
fasle!!!
0 1 2, 0 1 2, 
fasle!!!
elements: 
0 0 0
1 0 0
2 0 0
3 0 0
0 1 0
1 1 0
2 1 0
0 2 0
1 2 0
2 2 0
0 3 0
1 3 0
2 3 0
0 0 1
1 0 1
2 0 1
3 0 1
0 1 1
1 1 1
2 1 1
0 2 1
1 2 1
2 2 1
0 3 1
1 3 1
2 3 1
0 0 2
1 0 2
2 0 2
3 0 2
0 1 2
1 1 2
2 1 2
0 2 2
1 2 2
2 2 2
0 3 2
1 3 2
2 3 2
0 0 3
1 0 3
2 0 3
3 0 3
0 1 3
1 1 3
2 1 3
0 2 3
1 2 3
2 2 3
0 3 3
1 3 3
2 3 3
3 0 0
3 1 0
3 2 0
3 3 0
3 0 1
3 1 1
3 2 1
3 3 1
3 0 2
3 1 2
3 2 2
3 3 2
3 0 3
3 1 3
3 2 3
3 3 3
